1.000000 -0.000000
0.998483  0.000390
0.993940  0.001554
0.986395  0.003467
0.975891  0.006093
0.962485  0.009380
0.946252  0.013265
0.927281  0.017675
0.905682  0.022531
0.881577  0.027745
0.855104  0.033226
0.826419  0.038880
0.795690  0.044615
0.763098  0.050336
0.728839  0.055951
0.693120  0.061369
0.656158  0.066505
0.618179  0.071274
0.579418  0.075596
0.540118  0.079398
0.500524  0.082611
0.460888  0.085172
0.421305  0.086988
0.382119  0.087911
0.343648  0.087910
0.306148  0.086976
0.269871  0.085118
0.235059  0.082361
0.201948  0.078749
0.170756  0.074343
0.141691  0.069218
0.114943  0.063463
0.090681  0.057178
0.069058  0.050468
0.050206  0.043442
0.034234  0.036207
0.021233  0.028864
0.011270  0.021504
0.004395  0.014203
0.000636  0.007022
0.000000  0.000000
0.002447 -0.006612
0.007916 -0.012573
0.016360 -0.017876
0.027711 -0.022516
0.041886 -0.026487
0.058788 -0.029790
0.078302 -0.032429
0.100302 -0.034416
0.124651 -0.035770
0.151202 -0.036520
0.179796 -0.036706
0.210267 -0.036374
0.242442 -0.035584
0.276139 -0.034400
0.311168 -0.032896
0.347335 -0.031146
0.384435 -0.029230
0.422260 -0.027224
0.460653 -0.025195
0.499476 -0.023107
0.538341 -0.020978
0.577016 -0.018857
0.615267 -0.016787
0.652859 -0.014801
0.689564 -0.012922
0.725151 -0.011169
0.759401 -0.009551
0.792096 -0.008072
0.823029 -0.006732
0.852002 -0.005527
0.878829 -0.004454
0.903335 -0.003505
0.925359 -0.002677
0.944755 -0.001964
0.961394 -0.001363
0.975165 -0.000872
0.985974 -0.000491
0.993749 -0.000218
0.998434 -0.000055
1.000000  0.000000
